short999fct short99fct short95fct shortavgfct shortmedfct incast999fct incast99fct incast95fct incastavgfct incastmedfct long999fct long99fct long95fct longavgfct longmedfct avgTh medTh bufmax buf999 buf99 buf95 avgBuf medBuf load burst alg tcp scenario nprio
127.479 20.3868 8.82719 3.73384906504065 1.8646099999999999 8547.39 7609.88 5013.13 918.9330467268519 4.55958 0 0 0 0 0 37.327878334002676 48.4 50.1655 47.5697 38.1801 29.6197 5.894363219295187 0.0 0.4 0.3 101 1 bufrate_1 2
130.669 13.3442 7.51226 3.266650746753247 1.69834 8656.64 7879.74 6480.07 1267.3353368528037 4.55836 0 0 0 0 0 37.29929480238205 48.128 50.066 45.1751 33.3989 26.8681 4.806186340307806 0.0 0.4 0.3 101 1 bufrate_2 2
117.917 9.92519 8.08556 3.4960663711340207 2.3 8961.01 7868.84 5685.0 1044.21289763 4.5794999999999995 0 0 0 0 0 38.81072107254745 48.4 50.0222 46.082 35.2037 26.2207 4.364905098161962 0.0 0.4 0.3 101 1 bufrate_5 2
114.535 21.1875 11.628 5.245434008438818 3.253185 8107.36 6438.87 4806.45 730.1729989171874 4.81267 0 0 0 0 0 66.13715928567771 64.5867 50.0407 49.0109 45.4007 37.5719 13.290661755584111 10.5225 0.6 0.3 101 1 bufrate_1 2
117.886 22.732 12.5598 5.694956137491141 3.97615 8470.12 7402.49 5346.52 907.1891099142288 5.215904999999999 0 0 0 0 0 66.06363239957399 59.888 51.1147 49.9137 45.3506 35.1108 12.190374125672312 8.25648 0.6 0.3 101 1 bufrate_2 2
137.568 65.5017 13.2435 6.151407407407406 3.4965 8751.46 7789.94 6057.13 1181.618840874698 5.445515 0 0 0 0 0 66.96845082052441 65.488 52.4962 49.9724 45.077 36.2872 13.050867460642213 10.9506 0.6 0.3 101 1 bufrate_5 2
155.966 127.429 22.3013 10.413575117521367 6.757015 9184.87 7481.88 5259.93 1090.9559163502606 42.91005 0 0 0 0 0 80.31913158230564 84.848 54.5916 51.2212 48.815 43.7948 22.071541078615976 23.2341 0.8 0.3 101 1 bufrate_1 2
137.114 86.8512 15.5999 7.773876757624398 5.92044 8833.26 8126.94 6027.76 1118.972085799569 106.98849999999999 0 0 0 0 0 84.20771933901077 89.504 50.5387 49.951 47.3512 42.4955 19.44607024217404 19.3454 0.8 0.3 101 1 bufrate_2 2
137.785 94.599 18.2972 8.372809196242171 6.16685 8893.35 7768.79 5755.0 1099.635931160916 104.37549999999999 0 0 0 0 0 84.75602211873236 88.6507 51.7018 50.1511 47.6232 41.6255 18.702770242698854 18.9462 0.8 0.3 101 1 bufrate_5 2
96.4014 16.7329 8.9263 3.556969512195122 1.876685 8547.39 7609.88 5013.13 922.0849208703702 4.564605 0 0 0 0 0 37.416498764717296 48.4 50.5367 47.6089 37.9571 29.4908 5.935952190820616 0.0 0.4 0.3 102 1 bufrate_1 2
88.8721 13.3442 7.51226 3.1000954220779215 1.70632 8656.64 7879.74 6480.07 1267.3849298960279 4.55836 0 0 0 0 0 37.29853482563651 48.128 50.066 46.9547 33.4916 26.4635 4.887662991896037 0.0 0.4 0.3 102 1 bufrate_2 2
15.5575 9.81816 7.94644 3.1922791649484528 2.34862 8960.75 7868.84 5685.0 1044.8983170440001 4.577035 0 0 0 0 0 38.839432410996224 48.4 49.9261 46.08 35.3656 25.8212 4.3058503228110565 0.0 0.4 0.3 102 1 bufrate_5 2
116.272 83.0688 11.2562 5.570987981715893 3.22914 8107.39 6440.74 4805.85 726.9197607281251 4.568125 0 0 0 0 0 66.24660964190085 65.6213 55.6686 49.6144 45.2184 37.4322 13.61758980445609 11.5727 0.6 0.3 102 1 bufrate_1 2
115.291 25.2648 13.2554 5.870182069454289 4.04777 8469.17 7401.01 5346.34 907.1360742147606 5.186685000000001 0 0 0 0 0 66.18830189984999 59.744 62.9553 50.0112 45.2515 36.0366 12.71681627201304 9.87323 0.6 0.3 102 1 bufrate_2 2
123.075 21.575 11.7549 5.5455631027253665 3.45048 8751.54 7789.85 6056.93 1182.5822536908213 5.572475 0 0 0 0 0 67.04126033173264 66.176 51.1043 49.41 45.1579 36.5239 12.961988891352226 10.8349 0.6 0.3 102 1 bufrate_5 2
123.367 94.9051 20.1812 9.185446469017092 6.68016 9185.09 7483.51 5259.97 1087.4777705039062 5.995975 0 0 0 0 0 80.14241874984899 84.7093 59.9542 52.8587 47.8801 42.178 21.42500186028481 23.0263 0.8 0.3 102 1 bufrate_1 2
122.846 90.9376 15.4337 7.868308876404494 5.99651 8835.65 8119.9 6032.46 1113.144801038793 75.74334999999999 0 0 0 0 0 84.25436839379188 90.24 57.9175 50.1307 47.2174 41.8276 19.64275191051041 19.5991 0.8 0.3 102 1 bufrate_2 2
124.677 104.194 18.3335 8.719831216075155 6.392810000000001 8887.52 7769.33 5755.41 1100.3227684210972 106.65350000000001 0 0 0 0 0 84.46488585260707 88.928 57.8802 50.3364 48.7007 43.2123 19.405734049174384 19.7791 0.8 0.3 102 1 bufrate_5 2
119.645 18.8899 12.8483 3.924851148373984 1.89479 8547.39 7609.88 5013.13 919.7588929907406 4.57637 0 0 0 0 0 37.349441261669234 48.4 99.9992 99.8585 91.1613 67.6559 11.880713095738916 0.0 0.4 0.3 103 1 bufrate_1 2
21.5515 17.5067 10.7321 3.2805141450216446 1.72661 8656.64 7879.69 6480.07 1264.576128286215 4.56619 0 0 0 0 0 37.32068784559891 48.1973 99.9999 99.6429 88.5354 63.3667 10.368704585632711 0.0 0.4 0.3 103 1 bufrate_2 2
35.9156 19.0078 13.0467 4.066725288659794 2.345795 8961.57 7866.08 5684.99 1042.8211265969999 4.610329999999999 0 0 0 0 0 38.82324436084721 48.4 99.9969 99.7844 78.9574 55.3269 8.491648437183944 0.0 0.4 0.3 103 1 bufrate_5 2
89.315 22.5726 15.3816 5.957305035161744 3.52297 8107.44 6441.22 4806.54 718.2256000171876 6.4525749999999995 0 0 0 0 0 66.41032201800836 65.4187 99.9987 99.9463 97.8121 84.6428 29.66718620223584 22.2552 0.6 0.3 103 1 bufrate_1 2
124.086 38.9046 20.1179 7.650136265060242 4.47722 8482.19 7407.81 5349.17 901.1415680385637 7.064465 0 0 0 0 0 66.48584752260845 61.5467 99.9998 99.9755 99.2392 86.8917 30.19883342352647 21.2792 0.6 0.3 103 1 bufrate_2 2
43.0071 24.0747 17.9971 6.721779196366178 4.22511 8751.21 7790.17 6061.97 1179.3147555522344 8.303985 0 0 0 0 0 67.20116102838456 65.936 99.9988 99.9551 98.9518 89.5065 32.06911735292906 24.2821 0.6 0.3 103 1 bufrate_5 2
166.504 125.775 26.2648 12.527270753205128 8.8061 9192.53 7491.92 5264.43 1099.4890974432856 109.964 0 0 0 0 0 80.45742277352947 84.3147 99.9998 99.9844 99.8563 96.4498 52.5250214050199 56.7691 0.8 0.3 103 1 bufrate_1 2
128.278 45.4746 22.3519 9.73460270197967 7.63944 8839.67 8132.71 6031.72 1110.0095402550287 12.4108 0 0 0 0 0 84.41442105204504 89.2693 99.9979 99.9631 99.6255 94.2518 47.44341444381988 50.9657 0.8 0.3 103 1 bufrate_2 2
158.222 91.7662 23.5164 10.689698131524008 8.127505 8888.63 7772.6 5755.21 1095.5905285805995 12.4195 0 0 0 0 0 85.59869214193286 90.7253 99.9981 99.9582 99.0551 89.2457 42.913420073256866 44.6741 0.8 0.3 103 1 bufrate_5 2
127.479 20.3868 8.82719 3.7282922967479672 1.8646099999999999 8547.39 7609.88 5013.13 918.9311665648149 4.55958 0 0 0 0 0 37.32963680117203 48.4 50.1655 47.5697 38.1801 29.353 5.675493280268405 0.0 0.4 0.3 104 1 bufrate_1 2
106.533 11.8837 6.99226 3.1918002056277057 1.7109 8656.64 7879.74 6480.07 1267.3984277523364 4.55836 0 0 0 0 0 37.2968328203424 48.128 50.066 39.4929 33.1805 25.5656 4.64354847101742 0.0 0.4 0.3 104 1 bufrate_2 2
127.421 10.1505 7.83187 3.5892659484536087 2.241825 8961.01 7868.84 5685.0 1044.4187773465 4.57727 0 0 0 0 0 38.847480469765394 48.4 50.0222 45.0196 33.8103 26.4243 4.41138343299966 0.0 0.4 0.3 104 1 bufrate_5 2
127.21 81.6576 10.2446 5.3650146483825605 3.04439 8107.61 6439.68 4806.07 730.361231334375 4.582084999999999 0 0 0 0 0 66.1487971857057 63.76 49.9867 48.6875 44.1868 34.6372 10.608099760057003 5.863 0.6 0.3 104 1 bufrate_1 2
125.38 47.7501 12.8369 5.862243692416726 3.64562 8468.03 7400.1 5347.24 904.3030638916225 5.0983 0 0 0 0 0 66.18199818116362 61.6213 50.4395 49.5665 43.5885 34.0377 10.256076900854016 5.82683 0.6 0.3 104 1 bufrate_2 2
137.667 18.805 11.3551 5.384366247379456 3.38631 8751.07 7790.29 6057.7 1180.6689526588166 5.57292 0 0 0 0 0 66.99855426579731 65.7227 51.0263 49.7206 43.9893 34.71 10.854116364677692 6.16003 0.6 0.3 104 1 bufrate_5 2
357.491 135.523 19.119 11.396967569444444 5.198175 9210.37 7480.6 5260.17 1090.1408863502604 5.444240000000001 0 0 0 0 0 79.75149887765156 84.336 57.9531 50.7998 42.6643 34.6457 12.11978919597692 9.27464 0.8 0.3 104 1 bufrate_1 2
312.643 129.878 16.8632 9.754420647405029 4.96695 8837.05 8145.18 6030.79 1113.1533517449714 5.663600000000001 0 0 0 0 0 83.94671874039881 89.296 50.287 48.8449 42.5741 33.8867 12.638063726793536 10.0351 0.8 0.3 104 1 bufrate_2 2
247.061 127.896 17.4508 9.45356408663883 4.97653 8887.01 7768.58 5754.88 1093.9726931872171 5.93567 0 0 0 0 0 84.51565312834657 88.8587 50.4273 49.825 45.0602 35.7639 12.188258436358726 9.22897 0.8 0.3 104 1 bufrate_5 2
11.7782 9.77378 7.05418 2.7896212500000006 1.82704 8547.39 7609.88 5013.13 914.9880320625001 4.55151 0 0 0 0 0 37.33370320616212 48.4 48.5835 33.0187 28.4867 20.3098 3.5122565522772455 0.0 0.4 0.3 110 1 bufrate_1 2
11.4791 8.25138 6.12679 2.546875876623377 1.68595 8656.64 7879.76 6480.07 1263.214898895444 4.55836 0 0 0 0 0 37.42233697217744 48.128 40.8212 32.6847 28.8104 22.099 3.8081879840046797 0.0 0.4 0.3 110 1 bufrate_2 2
12.5443 8.56806 6.38826 2.8314291958762885 2.1558200000000003 8958.41 7866.29 5684.99 1041.23554561975 4.55588 0 0 0 0 0 38.78447328122162 48.2027 39.6346 32.9378 26.1224 16.8331 2.698986685293706 0.0 0.4 0.3 110 1 bufrate_5 2
13.5857 12.2786 8.74243 3.9129457313642755 2.9900700000000002 8107.25 6436.88 4805.78 713.0776801578126 4.5427 0 0 0 0 0 66.07960956699335 64.7253 52.7651 33.1805 32.1307 26.0489 8.720718607543951 6.3133 0.6 0.3 110 1 bufrate_1 2
18.0078 13.6529 9.08115 4.125618951098512 3.3748 8471.82 7401.36 5346.33 891.2701933364361 4.63524 0 0 0 0 0 66.09088511872237 59.5413 49.8837 33.2615 29.9235 24.0357 7.826854111871238 5.42219 0.6 0.3 110 1 bufrate_2 2
25.6651 14.9323 8.48279 3.9694202795248072 2.99541 8750.72 7790.35 6055.25 1171.5085558641304 4.998810000000001 0 0 0 0 0 66.9820461451109 66.048 56.0484 33.3944 29.3769 23.7246 7.597266265971519 4.94295 0.6 0.3 110 1 bufrate_5 2
25.1421 20.3886 15.3677 6.39597202991453 5.300974999999999 9183.62 7482.72 5259.99 1075.4654724088543 5.23067 0 0 0 0 0 80.28581214791694 83.6693 46.7219 33.5517 32.6951 31.0398 15.448621307752955 16.6499 0.8 0.3 110 1 bufrate_1 2
17.416 14.9905 11.4056 5.316351920813268 4.82486 8837.13 8120.33 6029.46 1094.0639848987068 5.33264 0 0 0 0 0 84.0135519449229 88.72 58.001 36.7758 31.6741 27.2909 12.326302602734655 12.2889 0.8 0.3 110 1 bufrate_2 2
24.6861 16.2708 11.7242 5.41329231210856 4.862215 8888.8 7767.83 5756.81 1077.3658354601243 5.38829 0 0 0 0 0 84.78943555060101 88.704 50.8726 40.5237 31.7379 26.5539 11.280045553259466 10.5066 0.8 0.3 110 1 bufrate_5 2
